.Random.seed <-
c(403L, 10L, -832827150L, -1935054483L, -732543321L, 1500522702L, 
-823417304L, -1497878997L, 1167975497L, -1423682216L, -621638650L, 
-629723679L, -90384525L, -282250270L, -440837292L, -2071447977L, 
710757965L, 1488953828L, -1615856694L, 1195982389L, -170326897L, 
-379048554L, 1207980352L, 2036935683L, 118869537L, 249444624L, 
337458926L, -543094119L, 152838955L, 1167724058L, 221504732L, 
394852575L, -158591307L, 1547030604L, 552012962L, 2124905469L, 
1935214839L, -630862306L, 1229062360L, 1111843899L, -656290343L, 
1875213160L, 221099670L, -434049007L, 2015203779L, -2093785646L, 
-1373203356L, 517227431L, 1522527485L, 1578780916L, 1786781658L, 
418788133L, -2019974593L, -709867066L, -841261488L, 504664691L, 
-1734826351L, 325689024L, -351623010L, -362970007L, 857354395L, 
2000400810L, -2082731572L, -999922545L, -929104699L, 976055420L, 
-1023811374L, 842022989L, -945612537L, 1036995822L, 68560328L, 
1156844235L, 1928098601L, -1017851016L, -2061596506L, -1510534463L, 
-263560365L, -2051051518L, 412851508L, 1138415287L, 664365741L, 
593062852L, 594097130L, 1193344085L, -1411112465L, 1648241142L, 
1445998368L, 1692950755L, 938497409L, -1995279376L, 1058355854L, 
902860281L, -3805301L, -1260377158L, 74322620L, 236374527L, 322180949L, 
1637445740L, -783637310L, 82513693L, 1571292567L, 1763161342L, 
1354915512L, 745750683L, -48697607L, -174809016L, 1018147702L, 
-1585535311L, -667736349L, -298674766L, -903217660L, -763235001L, 
2037461021L, 1166055060L, -866050502L, -648155003L, 66614623L, 
-2014945818L, -373623696L, 1922525075L, -2080788431L, 2083847904L, 
1095612286L, 1773481481L, 1307395643L, 2000214026L, 1418528748L, 
541207663L, -695614555L, -1516575908L, 1571770162L, 1312521773L, 
711046375L, -1877232114L, 2074569704L, -1899457045L, 1522777737L, 
1101983256L, -1600215738L, 223957921L, -83517901L, -1656122462L, 
407463572L, 1699226903L, -1973738739L, 1416958500L, 1843845642L, 
-353180811L, 301164239L, -422057514L, -832223872L, -335905341L, 
2122931041L, 63832528L, 1166006574L, 935698649L, -218383637L, 
-2025625766L, -2111364836L, 1874946079L, 1613526133L, 583725324L, 
571759842L, -501369411L, 648856119L, -1556786978L, 2113444888L, 
2086536059L, 21771033L, -572125272L, 86871894L, -1086556207L, 
-1977506941L, -1910045166L, -1979047516L, 261035367L, -751756611L, 
1828428340L, 1408606618L, -191857179L, 253221247L, 852390150L, 
-650507632L, -688727245L, 504209617L, 1159754368L, -518233250L, 
-783855447L, -2026982565L, 1449247082L, -849239028L, -1088191409L, 
-576670459L, -625183300L, 674119826L, -1623673971L, -2032516153L, 
-760481618L, -480397048L, 261785355L, 610238953L, 1755842232L, 
1752363366L, -921636351L, 738684051L, -784181438L, 1668294900L, 
-1063312137L, 1008123117L, -1234997372L, -1890590294L, 1004640021L, 
1769538991L, 529673654L, -526887968L, -431195357L, -1859027903L, 
-39645392L, 465345870L, 2002886585L, 1564088779L, -117155206L, 
-1601187972L, 154181567L, 1792706709L, -1848281428L, 1883595906L, 
-79805347L, -1503098025L, -1913804692L, 1643054388L, -1802917230L, 
-17084576L, -1776390324L, 2126563296L, 1896627106L, 322362280L, 
-1884735092L, 994966716L, -900537998L, 902154480L, -268765116L, 
1459742040L, 891439674L, -1311731856L, -69145540L, -1312677100L, 
-1616919102L, 1134964448L, 1223076732L, -1920535856L, 937659554L, 
-289382360L, 524073228L, 683215804L, 1736351026L, -96419392L, 
1262197300L, -1935200312L, -1760043846L, -1741688432L, 1792655852L, 
-710240684L, 1121473682L, 1371562784L, 1413800396L, -1572235808L, 
-128448830L, -637614040L, 1803892396L, 2089017532L, 1880776178L, 
1173744944L, -1072675676L, -1662903624L, 2009045338L, -2081666672L, 
171329404L, -858396396L, -1397186750L, 2072145664L, -2072403012L, 
-1152748720L, -572694750L, -905239224L, -371413492L, 421501020L, 
1717883090L, -428519936L, -2112876204L, 2066333160L, -1176994822L, 
-223191856L, -1967990484L, -1693079820L, -4915822L, -1567268768L, 
444527884L, -1598973216L, 1351105890L, 1791746728L, -554620340L, 
1374352764L, -1230825166L, 1111043184L, 1069435716L, -1049493032L, 
201200762L, -1250318800L, 1302053564L, -1106586796L, -1236078526L, 
-561108576L, 274069180L, -656867888L, 567156066L, 1382819816L, 
412086220L, -976542980L, -1022560782L, 1345571968L, 7313652L, 
-2070472056L, 1367919418L, -1672681648L, -1186440596L, -1377732460L, 
1074233682L, -2079369504L, 147179212L, -1942157152L, -867858558L, 
54503144L, 1349693164L, 2103283772L, -942905742L, 553989232L, 
-548058588L, 1973983288L, 1852903450L, -1874254128L, -2007892932L, 
955255956L, 1307248770L, 1580462016L, -996050628L, -1189685616L, 
-850231262L, -979027960L, 1565936780L, -1701080036L, 1948265106L, 
-895618944L, 1553585172L, -500971224L, -188544454L, 925750480L, 
1950176364L, -940409164L, 1530234898L, 227624928L, 1097356236L, 
1110306272L, 1907532322L, -1139409624L, -947759860L, -285487556L, 
-1328512782L, 784027376L, 1475219268L, -1887445416L, -2041742790L, 
-455500048L, 1182462140L, 924131860L, 1605379266L, 664589408L, 
-1479189124L, 1588986064L, 30536738L, -253030744L, 1551541132L, 
-437092932L, -622040014L, 965920576L, -1118382924L, -1146427576L, 
571488954L, -757539056L, 1093717228L, 1957893204L, 784256786L, 
343508896L, 273888204L, -546626720L, 1428640962L, 1926100520L, 
729191852L, 2088340284L, -2099857550L, 1509078832L, -1474570716L, 
-1074588616L, -1010356006L, -1973615216L, 362113788L, 1017496468L, 
960874306L, -498168320L, -952797636L, 396229200L, 18835106L, 
-2136538296L, -1944112628L, 1079290076L, -1373967790L, -820989824L, 
-588952748L, 1356338664L, -1484923142L, 1316924240L, 1757944876L, 
31189364L, -97601902L, 1045532256L, -1361754484L, -1650432160L, 
1917307618L, -907145048L, 1412525260L, 1590206972L, 2012630962L, 
1246243312L, 743994820L, 346659672L, 1828532090L, 969999792L, 
-2065357380L, -1524431788L, 221583298L, -958540000L, -2101482564L, 
94996048L, -1684796958L, 1202767208L, 1736252748L, -736316164L, 
966060786L, 1437025024L, -1154085260L, -206777336L, 1621141946L, 
813118416L, 1967580652L, 1358548884L, -1755283758L, 2060207154L, 
213656064L, 642323177L, -21460645L, 1653040044L, 1581432762L, 
-923502225L, 477729529L, 69622670L, 874210908L, 1515009229L, 
1753701431L, 1381267136L, 531100062L, -587707797L, -1913810451L, 
351543386L, -1306726632L, 1933931649L, 125473331L, -960303020L, 
-815074206L, -1260299529L, -1496070847L, -1698774074L, 432365828L, 
-491593547L, -1356943457L, -995418120L, -889138730L, 1771268195L, 
-747242459L, -1001038910L, -1067667280L, -1490395943L, 427407947L, 
-888874820L, -494256406L, 1446629151L, -362590295L, -301627074L, 
764104748L, -328311171L, 682803399L, 1414835632L, -1130584114L, 
-1675256581L, -337835171L, -509800310L, -873242968L, 1554088465L, 
1292301059L, 1565591044L, -345729486L, 2017478279L, -857388335L, 
686242902L, 1160213556L, -1768753339L, -1012720241L, 427199752L, 
1305898790L, 999198675L, -1975099083L, 321214610L, -582461344L, 
2071604681L, -371989253L, -1548137780L, -1207783590L, -1619592625L, 
900480793L, 1306925358L, 692087612L, 1195528365L, 477918039L, 
-1002449248L, -1928151042L, -2085579061L, -1387407155L, -538248198L, 
-1679579080L, 1576145377L, -1327023469L, -1710378828L, -739319358L, 
-1391081001L, 145192481L, -666374682L, -1634704156L, 179969045L, 
2082348095L, -596642856L, -744364554L, -385776125L, -256941755L, 
643204450L, -1634216240L, -1305988615L, -1917152981L, -1739834724L, 
-171962166L, 1998510527L, 1812327689L, -1710215650L, 502657996L, 
153084317L, 1384913959L, 1650803280L, 785420014L, -1739552869L, 
-769919491L, 1969236202L, 685972360L, -1166912207L, 2137378211L, 
1773296036L, -1984201646L, 1663412135L, -2037156879L, -1542355146L, 
-19602476L, -106395291L, -198371985L, -1865078872L, -1604694778L, 
1190695987L, 387854997L, -1078983950L, -807515328L, -1037721431L, 
641918235L, -1562664212L, 1314963194L, -1299722449L, -105566407L, 
537850190L, -141176932L, 1561615629L, 954582903L, -825212032L, 
-40953378L, 322068139L, -2042519123L, -1324534246L, 1553639640L, 
